1
2
3
4
5
6
7
8
9
10
11
12
13
14
15
16
17
18
19
20
21
22
23
24
26
27
28
29
30
32
34
35
36
38
40
42
44
46
47
48
50
52
54
56
58
60
62
64
66
68
70
72
74
76
78
80
82
84
86
88
90
92
94
96
98
100
102
104
106
108
110
112
114
116
118
120
122
124
126
128
130
132
134
136
138
140
142
144
146
148
150
152
154
156
158
160
162
164
166
168
170
172
174
176
178
180
182
184
186
188
190
192
194
196
198
200
202
204
206
208
210
212
214
216
218
220
222
224
226
228
230
232
234
236
238
240
242
244
246
248
250
252
254
256
258
260
262
264
266
268
270
272
274
276
278
280
282
284
286
288
290
292
294
296
298
300
302
304
306
308
310
312
314
316
318
320
322
324
326
328
330
332
334
336
338
340
342
344
346
348
350
352
354
356
358
360
362
364
366
368
370
372
374
376
378
380
382
384
386
388
390
392
394
396
398
400
402
404
406
408
410
412
414
416
418
420
422
424
426
428
430
432
434
436
438
440
442
444
446
448
450
452
454
456
458
460
462
464
466
468
470
472
474
476
478
480
482
484
486
488
490
492
494
496
498
500
502
504
506
508
510
512
514
516
518
520
522
524
526
528
530
532
534
536
538
540
542
544
546
548
550
552
554
556
558
560
562
564
566
568
570
572
574
576
578
580
582
584
586
588
590
592
594
596
598
600
602
604
606
608
610
612
614
616
618
620
622
624
626
628
630
632
634
636
638
640
642
644
646
648
650
652
654
656
658
660
662
664
666
668
670
672
674
676
678
680
682
684
686
688
690
692
694
696
698
700
702
704
706
708
710
712
714
716
718
720
722
724
726
728
730
732
734
736
738
740
742
744
746
748
750
752
754
756
758
760
762
764
766
768
770
772
774
776
778
780
782
784
786
788
790
792
794
796
798
800
802
804
806
808
810
812
814
816
818
820
822
824
826
828
830
832
834
836
838
840
842
844
846
848
850
852
854
856
858
860
862
864
866
868
870
872
874
876
878
880
882
884
886
888
890
892
894
896
898
900
902
904
906
908
910
912
914
916
918
920
922
924
926
928
930
932
934
936
938
940
942
944
946
948
950
952
954
956
960
962
968
972
974
978
980
984
990
992
996
998
1004
1008
1010
1014
1020
1022
1028
1032
1038
1040
1044
1052
1056
1062
1064
1068
1070
1074
1076
1080
1082
1088
1092
1094
1098
1100
1104
1110
1112
1116
1118
1124
1128
1130
1134
1136
1140
1148
1152
1158
1160
1164
1172
1176
1178
1182
1184
1188
1190
1194
1196
1200
1202
1208
1212
1214
1220
1224
1230
1232
1236
1238
1242
1244
1248
1256
1260
1262
1268
1272
1274
1278
1280
1284
1290
1292
1302
1304
1308
1316
1320
1322
1328
1332
1334
1340
1344
1350
1352
1356
1358
1364
1368
1370
1374
1376
1380
1382
1388
1392
1398
1400
1404
1412
1416
1418
1424
1428
1430
1434
1440
1442
1448
1452
1454
1458
1460
1464
1470
1472
1476
1482
1484
1488
1494
1500
1502
1508
1512
1514
1520
1524
1530
1532
1536
1538
1542
1544
1548
1550
1556
1560
1568
1572
1574
1578
1580
1584
1592
1598
1602
1604
1608
1610
1614
1620
1622
1628
1634
1638
1640
1644
1652
1658
1662
1668
1670
1692
1698
1700
1704
1710
1712
1718
1722
1724
1728
1734
1740
1742
1748
1754
1760
1764
1770
1788
1790
1794
1802
1808
1812
1818
1820
1824
1830
1832
1838
1844
1850
1854
1860
1862
1868
1872
1878
1890
1892
1902
1904
1908
1910
1920
1922
1932
1934
1950
1952
1958
1962
1964
1970
1974
1980
1988
1994
1998
2000
2004
2012
2018
2022
2028
2030
2042
2048
2054
2058
2060
2064
2070
2072
2078
2082
2084
2088
2100
2102
2112
2114
2118
2124
2132
2138
2142
2144
2154
2160
2168
2172
2174
2180
2190
2198
2202
2204
2208
2210
2214
2222
2228
2232
2238
2240
2244
2250
2252
2264
2268
2270
2274
2282
2288
2292
2300
2328
2330
2334
2340
2342
2348
2352
2358
2364
2370
2372
2378
2384
2390
2394
2400
2420
2424
2432
2438
2448
2454
2460
2462
2468
2474
2480
2484
2490
2492
2498
2502
2508
2520
2522
2532
2534
2538
2540
2550
2552
2562
2564
2580
2582
2588
2592
2594
2600
2604
2624
2628
2630
2634
2648
2652
2658
2660
2672
2678
2684
2688
2690
2694
2700
2702
2708
2712
2718
2730
2732
2742
2744
2748
2754
2762
2768
2772
2774
2784
2790
2798
2804
2810
2820
2828
2832
2838
2840
2844
2852
2858
2862
2868
2870
2874
2880
2894
2900
2904
2912
2918
2958
2960
2964
2972
2978
2982
2988
2994
3000
3002
3008
3014
3020
3024
3030
3050
3054
3062
3068
3078
3084
3090
3092
3098
3104
3110
3114
3120
3128
3132
3138
3150
3152
3162
3164
3168
3170
3180
3182
3192
3194
3210
3212
3218
3222
3224
3230
3254
3258
3260
3264
3278
3282
3288
3290
3302
3308
3318
3320
3324
3330
3332
3342
3348
3360
3362
3372
3374
3384
3392
3398
3402
3404
3414
3420
3428
3434
3440
3450
3458
3462
3468
3470
3474
3482
3488
3492
3500
3504
3510
3524
3534
3542
3548
3588
3590
3594
3602
3608
3612
3618
3624
3630
3632
3638
3644
3654
3660
3680
3684
3692
3708
3714
3720
3722
3728
3734
3740
3744
3750
3758
3768
3780
3782
3792
3794
3798
3800
3810
3812
3822
3824
3840
3842
3848
3852
3854
3860
3884
3888
3894
3908
3912
3918
3920
3932
3948
3950
3960
3972
3978
3990
3992
4002
4004
4014
4022
4028
4032
4034
4044
4050
4058
4064
4070
4080
4088
4092
4098
4100
4104
4112
4118
4122
4130
4134
4140
4154
4164
4172
4178
4218
4220
4224
4232
4238
4242
4248
4254
4260
4262
4268
4284
4310
4314
4322
4344
4350
4352
4358
4364
4370
4374
4380
4388
4398
4410
4412
4422
4424
4428
4430
4440
4452
4454
4470
4472
4478
4484
4490
4514
4518
4524
4538
4542
4548
4550
4562
4578
4580
4590
4602
4608
4620
4622
4632
4634
4644
4652
4662
4664
4674
4680
4688
4694
4700
4710
4718
4728
4734
4742
4748
4752
4760
4764
4770
4784
4802
4808
4848
4854
4862
4868
4872
4878
4884
4892
4940
4944
4952
4974
4980
4982
4988
5000
5004
5010
5018
5028
5040
5042
5052
5054
5058
5060
5070
5084
5100
5102
5108
5114
5120
5144
5148
5154
5168
5172
5178
5180
5192
5208
5220
5232
5238
5250
5252
5262
5264
5274
5282
5292
5294
5304
5310
5318
5324
5330
5340
5348
5358
5364
5372
5378
5382
5390
5394
5400
5414
5432
5438
5478
5484
5492
5498
5502
5508
5514
5574
5582
5604
5612
5630
5634
5640
5648
5670
5672
5684
5688
5690
5700
5714
5732
5738
5744
5750
5774
5778
5784
5798
5802
5808
5822
5838
5850
5862
5868
5882
5892
5894
5904
5912
5922
5924
5934
5940
5948
5954
5960
5970
5988
5994
6008
6012
6020
6024
6030
6044
6062
6068
6108
6122
6132
6204
6212
6234
6242
6260
6264
6270
6278
6300
6302
6318
6330
6344
6362
6368
6374
6380
6404
6408
6414
6428
6432
6438
6452
6468
6498
6510
6534
6542
6552
6554
6564
6584
6590
6600
6618
6624
6638
6654
6674
6692
6698
6738
6752
6758
6762
6774
6872
6890
6894
6908
6932
6948
6950
6974
6998
7004
7010
7038
7058
7062
7068
7110
7122
7142
7182
7214
7230
7254
7284
7322
7328
7368
7382
7392
7494
7502
7520
7578
7590
7604
7628
7674
7688
7692
7740
7758
7770
7772
7802
7814
7850
7860
7878
7884
7934
8012
8022
8124
8150
8160
8192
8220
8252
8270
8304
8318
8402
8432
8442
8444
8474
8582
8588
8628
8652
8664
8838
8840
8888
8924
8934
8952
8958
9018
9062
9072
9074
9110
9138
9212
9392
9420
9468
9518
9588
9618
9702
9734
10332
10364
10472
10542
10680
10952
10994
11592
11802
12014
12362
12408
12570
12620
12732
12852
13038
13298
13310
13622
13830
13880
14144
14252
14298
15372
15558
16188
17262
17892
18438
19068
20162
