1 set([])
2 set([1])
3 set([1])
4 set([1, 2])
5 set([1])
6 set([1, 2, 3])
7 set([1])
8 set([1, 2, 4])
9 set([1, 3])
10 set([1, 2, 5])
11 set([1])
12 set([1, 2, 3, 4, 6])
13 set([1])
14 set([1, 2, 7])
15 set([1, 3, 5])
16 set([1, 2, 4, 8])
17 set([1])
18 set([1, 2, 3, 6, 9])
19 set([1])
20 set([1, 2, 4, 5, 10])
21 set([1, 3, 7])
22 set([1, 2, 11])
23 set([1])
24 set([1, 2, 3, 4, 6, 8, 12])
25 set([1, 5])
26 set([1, 2, 13])
27 set([3, 1, 9])
28 set([1, 2, 4, 7, 14])
29 set([1])
30 set([1, 2, 3, 5, 6, 10, 15])
31 set([1])
32 set([1, 2, 4, 8, 16])
33 set([11, 1, 3])
34 set([1, 2, 17])
35 set([1, 5, 7])
36 set([1, 2, 3, 6, 9, 12, 18, 4])
37 set([1])
38 set([1, 2, 19])
39 set([1, 3, 13])
40 set([1, 2, 4, 5, 10, 8, 20])
41 set([1])
42 set([1, 2, 3, 6, 7, 14, 21])
43 set([1])
44 set([1, 2, 4, 11, 22])
45 set([1, 3, 5, 9, 15])
46 set([1, 2, 23])
47 set([1])
48 set([1, 2, 3, 4, 6, 16, 8, 12, 24])
49 set([1, 7])
50 set([1, 2, 5, 10, 25])
51 set([3, 1, 17])
52 set([1, 2, 4, 13, 26])
53 set([1])
54 set([1, 2, 3, 6, 9, 18, 27])
55 set([1, 11, 5])
56 set([1, 2, 4, 7, 8, 14, 28])
57 set([19, 1, 3])
58 set([1, 2, 29])
59 set([1])
60 set([1, 2, 3, 4, 5, 6, 10, 12, 15, 20, 30])
61 set([1])
62 set([1, 2, 31])
63 set([1, 3, 7, 9, 21])
64 set([1, 2, 4, 32, 8, 16])
65 set([1, 13, 5])
66 set([1, 3, 6, 33, 11, 2, 22])
67 set([1])
68 set([1, 2, 34, 17, 4])
69 set([1, 3, 23])
70 set([1, 2, 35, 5, 7, 10, 14])
71 set([1])
72 set([1, 2, 3, 36, 6, 9, 12, 8, 18, 24, 4])
73 set([1])
74 set([1, 2, 37])
75 set([1, 3, 5, 15, 25])
76 set([1, 2, 4, 38, 19])
77 set([1, 11, 7])
78 set([1, 2, 3, 6, 39, 13, 26])
79 set([1])
80 set([1, 2, 4, 5, 16, 40, 10, 8, 20])
81 set([27, 1, 3, 9])
82 set([1, 2, 41])
83 set([1])
84 set([1, 2, 3, 4, 6, 7, 42, 12, 14, 21, 28])
85 set([1, 17, 5])
86 set([1, 2, 43])
87 set([1, 3, 29])
88 set([1, 2, 4, 8, 11, 44, 22])
89 set([1])
90 set([1, 2, 3, 5, 6, 9, 10, 45, 15, 18, 30])
91 set([1, 13, 7])
92 set([1, 2, 4, 46, 23])
93 set([1, 3, 31])
94 set([1, 2, 47])
95 set([1, 19, 5])
96 set([1, 2, 3, 4, 6, 32, 8, 12, 48, 24, 16])
97 set([1])
98 set([1, 7, 2, 14, 49])
99 set([1, 3, 33, 9, 11])
100 set([1, 2, 5, 10, 50, 20, 25, 4])
101 set([1])
102 set([1, 2, 3, 6, 34, 17, 51])
103 set([1])
104 set([1, 2, 4, 13, 8, 52, 26])
105 set([1, 3, 5, 7, 15, 35, 21])
106 set([1, 2, 53])
107 set([1])
108 set([1, 2, 3, 36, 6, 9, 12, 18, 54, 4, 27])
109 set([1])
110 set([1, 2, 5, 10, 11, 22, 55])
111 set([1, 3, 37])
112 set([1, 2, 4, 16, 7, 8, 14, 56, 28])
113 set([1])
114 set([1, 2, 3, 6, 38, 19, 57])
115 set([1, 5, 23])
116 set([1, 2, 4, 58, 29])
117 set([1, 3, 39, 9, 13])
118 set([1, 2, 59])
119 set([1, 7, 17])
120 set([1, 2, 3, 4, 5, 6, 40, 10, 12, 15, 24, 20, 8, 60, 30])
121 set([1, 11])
122 set([1, 2, 61])
123 set([3, 1, 41])
124 set([1, 2, 4, 62, 31])
125 set([1, 25, 5])
126 set([1, 2, 3, 6, 7, 9, 42, 14, 18, 21, 63])
127 set([1])
128 set([1, 2, 4, 32, 64, 16, 8])
129 set([1, 3, 43])
130 set([1, 5, 65, 10, 2, 13, 26])
131 set([1])
132 set([1, 2, 3, 6, 33, 12, 11, 44, 66, 22, 4])
133 set([1, 19, 7])
134 set([1, 2, 67])
135 set([1, 3, 5, 9, 45, 15, 27])
136 set([1, 2, 68, 17, 34, 8, 4])
137 set([1])
138 set([1, 2, 3, 69, 6, 46, 23])
139 set([1])
140 set([1, 2, 35, 4, 5, 70, 7, 10, 14, 20, 28])
141 set([1, 3, 47])
142 set([1, 2, 71])
143 set([1, 11, 13])
144 set([1, 2, 3, 4, 6, 48, 72, 9, 12, 8, 18, 24, 36, 16])
145 set([1, 29, 5])
146 set([1, 2, 73])
147 set([1, 3, 7, 49, 21])
148 set([1, 2, 4, 37, 74])
149 set([1])
150 set([1, 2, 3, 5, 6, 10, 75, 15, 50, 25, 30])
151 set([1])
152 set([1, 2, 4, 38, 8, 76, 19])
153 set([1, 3, 9, 17, 51])
154 set([1, 2, 7, 11, 77, 14, 22])
155 set([1, 5, 31])
156 set([1, 2, 3, 4, 6, 39, 12, 13, 78, 52, 26])
157 set([1])
158 set([1, 2, 79])
159 set([1, 3, 53])
160 set([1, 2, 4, 5, 16, 32, 40, 10, 80, 8, 20])
161 set([23, 1, 7])
162 set([1, 3, 6, 9, 2, 81, 18, 54, 27])
163 set([1])
164 set([1, 2, 41, 82, 4])
165 set([1, 3, 5, 33, 11, 15, 55])
166 set([1, 2, 83])
167 set([1])
168 set([1, 2, 3, 4, 6, 7, 42, 12, 14, 24, 84, 21, 8, 56, 28])
169 set([1, 13])
170 set([1, 34, 5, 2, 17, 85, 10])
171 set([1, 3, 9, 19, 57])
172 set([1, 2, 4, 43, 86])
173 set([1])
174 set([1, 2, 3, 6, 87, 58, 29])
175 set([1, 35, 5, 7, 25])
176 set([1, 2, 4, 16, 8, 11, 44, 22, 88])
177 set([1, 3, 59])
178 set([1, 2, 89])
179 set([1])
180 set([1, 2, 3, 4, 5, 6, 9, 10, 12, 45, 15, 18, 20, 36, 90, 60, 30])
181 set([1])
182 set([1, 2, 7, 13, 14, 26, 91])
183 set([1, 3, 61])
184 set([1, 2, 4, 8, 46, 23, 92])
185 set([1, 37, 5])
186 set([1, 2, 3, 6, 93, 62, 31])
187 set([11, 1, 17])
188 set([1, 2, 4, 47, 94])
189 set([1, 3, 7, 9, 21, 27, 63])
190 set([1, 2, 5, 38, 10, 19, 95])
191 set([1])
192 set([1, 2, 3, 4, 6, 32, 64, 96, 12, 48, 8, 24, 16])
193 set([1])
194 set([1, 2, 97])
195 set([1, 3, 5, 65, 39, 13, 15])
196 set([1, 2, 7, 98, 14, 49, 4, 28])
197 set([1])
198 set([1, 2, 3, 6, 33, 9, 11, 66, 18, 99, 22])
199 set([1])
200 set([1, 2, 100, 5, 10, 40, 50, 20, 8, 25, 4])
201 set([1, 67, 3])
202 set([1, 2, 101])
203 set([1, 29, 7])
204 set([1, 2, 3, 68, 6, 102, 12, 34, 17, 51, 4])
205 set([1, 41, 5])
206 set([1, 2, 103])
207 set([1, 3, 69, 9, 23])
208 set([1, 2, 4, 16, 104, 13, 8, 52, 26])
209 set([19, 1, 11])
210 set([1, 2, 3, 5, 70, 7, 105, 42, 14, 15, 35, 21, 6, 10, 30])
211 set([1])
212 set([1, 2, 4, 106, 53])
213 set([1, 3, 71])
214 set([1, 2, 107])
215 set([1, 43, 5])
216 set([1, 2, 3, 4, 6, 72, 9, 108, 12, 24, 8, 18, 54, 36, 27])
217 set([31, 1, 7])
218 set([1, 2, 109])
219 set([3, 1, 73])
220 set([1, 2, 4, 5, 10, 11, 44, 110, 20, 22, 55])
221 set([1, 17, 13])
222 set([1, 2, 3, 37, 6, 74, 111])
223 set([1])
224 set([1, 2, 4, 16, 7, 8, 14, 112, 32, 56, 28])
225 set([1, 3, 5, 9, 75, 45, 15, 25])
226 set([1, 2, 113])
227 set([1])
228 set([1, 2, 3, 38, 6, 12, 76, 114, 19, 57, 4])
229 set([1])
230 set([1, 2, 5, 10, 46, 115, 23])
231 set([1, 3, 33, 7, 77, 11, 21])
232 set([1, 2, 4, 8, 116, 58, 29])
233 set([1])
234 set([1, 2, 3, 6, 39, 9, 13, 78, 18, 117, 26])
235 set([1, 5, 47])
236 set([1, 2, 4, 118, 59])
237 set([1, 3, 79])
238 set([1, 2, 7, 34, 17, 14, 119])
239 set([1])
240 set([1, 2, 3, 4, 5, 6, 48, 80, 10, 12, 24, 40, 20, 8, 120, 15, 60, 30, 16])
241 set([1])
242 set([1, 2, 11, 22, 121])
243 set([1, 3, 9, 81, 27])
244 set([1, 2, 4, 122, 61])
245 set([1, 35, 5, 7, 49])
246 set([1, 2, 3, 6, 41, 82, 123])
247 set([1, 19, 13])
248 set([1, 2, 4, 8, 124, 62, 31])
249 set([1, 83, 3])
250 set([1, 2, 5, 10, 50, 25, 125])
251 set([1])
252 set([1, 2, 3, 4, 6, 7, 9, 42, 12, 28, 18, 14, 84, 21, 36, 126, 63])
253 set([1, 11, 23])
254 set([1, 2, 127])
255 set([1, 3, 5, 15, 17, 51, 85])
256 set([1, 2, 4, 32, 64, 128, 16, 8])
257 set([1])
258 set([1, 3, 6, 129, 43, 2, 86])
259 set([1, 37, 7])
260 set([1, 2, 5, 65, 10, 130, 13, 52, 4, 26, 20])
261 set([1, 3, 9, 87, 29])
262 set([1, 2, 131])
263 set([1])
264 set([1, 2, 3, 132, 22, 6, 33, 12, 11, 44, 66, 8, 24, 88, 4])
265 set([1, 53, 5])
266 set([1, 2, 133, 38, 7, 14, 19])
267 set([3, 1, 89])
268 set([1, 2, 67, 4, 134])
269 set([1])
270 set([1, 2, 3, 5, 6, 135, 9, 10, 45, 15, 18, 54, 90, 27, 30])
271 set([1])
272 set([1, 2, 4, 16, 17, 136, 34, 8, 68])
273 set([1, 3, 7, 39, 13, 21, 91])
274 set([1, 2, 137])
275 set([1, 5, 11, 55, 25])
276 set([1, 2, 3, 4, 69, 6, 138, 12, 46, 23, 92])
277 set([1])
278 set([1, 2, 139])
279 set([1, 3, 9, 93, 31])
280 set([1, 2, 35, 4, 5, 70, 7, 40, 10, 140, 14, 56, 20, 8, 28])
281 set([1])
282 set([1, 2, 3, 6, 141, 47, 94])
283 set([1])
284 set([1, 2, 4, 71, 142])
285 set([1, 3, 5, 15, 19, 57, 95])
286 set([1, 2, 11, 13, 143, 22, 26])
287 set([1, 7, 41])
288 set([1, 2, 3, 4, 6, 48, 72, 96, 12, 144, 8, 18, 32, 9, 24, 36, 16])
289 set([1, 17])
290 set([1, 5, 10, 2, 145, 58, 29])
291 set([3, 1, 97])
292 set([1, 2, 73, 146, 4])
293 set([1])
294 set([1, 2, 3, 6, 7, 42, 98, 14, 49, 147, 21])
295 set([1, 59, 5])
296 set([1, 2, 4, 37, 74, 8, 148])
297 set([1, 99, 33, 9, 11, 3, 27])
298 set([1, 2, 149])
299 set([1, 13, 23])
300 set([1, 2, 3, 100, 5, 6, 12, 10, 75, 15, 50, 20, 150, 25, 4, 60, 30])
301 set([1, 43, 7])
302 set([1, 2, 151])
303 set([1, 3, 101])
304 set([1, 2, 4, 38, 8, 76, 19, 152, 16])
305 set([1, 61, 5])
306 set([1, 2, 3, 6, 102, 9, 18, 34, 17, 51, 153])
307 set([1])
308 set([1, 2, 4, 7, 11, 44, 77, 14, 22, 154, 28])
309 set([1, 3, 103])
310 set([1, 2, 5, 10, 155, 62, 31])
311 set([1])
312 set([1, 2, 3, 4, 6, 39, 104, 12, 13, 78, 8, 52, 24, 26, 156])
313 set([1])
314 set([1, 2, 157])
315 set([1, 3, 5, 7, 105, 45, 15, 35, 21, 9, 63])
316 set([1, 2, 4, 79, 158])
317 set([1])
318 set([1, 2, 3, 6, 106, 53, 159])
319 set([1, 11, 29])
320 set([1, 2, 4, 5, 16, 32, 64, 10, 160, 80, 8, 20, 40])
321 set([107, 1, 3])
322 set([1, 7, 161, 2, 46, 14, 23])
323 set([19, 1, 17])
324 set([1, 2, 3, 6, 9, 108, 162, 12, 81, 18, 54, 4, 27, 36])
325 set([1, 65, 13, 25, 5])
326 set([1, 2, 163])
327 set([1, 3, 109])
328 set([1, 2, 164, 41, 8, 82, 4])
329 set([1, 7, 47])
330 set([1, 2, 3, 165, 6, 33, 11, 66, 110, 15, 22, 55, 10, 30, 5])
331 set([1])
332 set([1, 2, 4, 166, 83])
333 set([1, 3, 37, 9, 111])
334 set([1, 2, 167])
335 set([1, 67, 5])
336 set([1, 2, 3, 4, 6, 7, 168, 112, 42, 12, 21, 14, 8, 84, 48, 24, 56, 28, 16])
337 set([1])
338 set([1, 2, 169, 13, 26])
339 set([3, 1, 113])
340 set([1, 2, 4, 5, 170, 34, 17, 85, 68, 10, 20])
341 set([1, 11, 31])
342 set([1, 2, 3, 38, 6, 9, 171, 18, 114, 19, 57])
343 set([1, 7, 49])
344 set([1, 2, 4, 8, 43, 172, 86])
345 set([1, 3, 5, 15, 115, 23, 69])
346 set([1, 2, 173])
347 set([1])
348 set([1, 2, 3, 4, 6, 12, 174, 116, 87, 58, 29])
349 set([1])
350 set([1, 2, 35, 5, 70, 7, 10, 14, 175, 50, 25])
351 set([1, 3, 39, 9, 13, 117, 27])
352 set([1, 2, 4, 16, 32, 8, 11, 44, 176, 22, 88])
353 set([1])
354 set([1, 3, 6, 2, 177, 118, 59])
355 set([1, 5, 71])
356 set([1, 2, 178, 89, 4])
357 set([1, 3, 7, 17, 51, 21, 119])
358 set([1, 2, 179])
359 set([1])
360 set([1, 2, 3, 4, 5, 6, 8, 9, 10, 12, 15, 18, 20, 24, 30, 36, 40, 45, 180, 60, 72, 90, 120])
361 set([1, 19])
362 set([1, 2, 181])
363 set([1, 3, 33, 11, 121])
364 set([1, 2, 4, 7, 13, 14, 52, 182, 26, 91, 28])
365 set([1, 73, 5])
366 set([1, 2, 3, 6, 183, 122, 61])
367 set([1])
368 set([1, 2, 4, 16, 8, 46, 23, 184, 92])
369 set([1, 3, 9, 41, 123])
370 set([1, 2, 5, 74, 185, 10, 37])
371 set([1, 53, 7])
372 set([1, 2, 3, 4, 6, 12, 186, 124, 93, 62, 31])
373 set([1])
374 set([1, 2, 22, 11, 34, 17, 187])
375 set([1, 3, 5, 75, 15, 25, 125])
376 set([1, 2, 4, 8, 47, 188, 94])
377 set([1, 29, 13])
378 set([1, 2, 3, 6, 7, 9, 42, 14, 18, 21, 54, 27, 189, 126, 63])
379 set([1])
380 set([1, 2, 4, 5, 38, 10, 76, 19, 20, 190, 95])
381 set([1, 3, 127])
382 set([1, 2, 191])
383 set([1])
384 set([1, 2, 3, 4, 6, 32, 64, 96, 128, 192, 12, 48, 8, 24, 16])
385 set([1, 35, 5, 7, 11, 77, 55])
386 set([1, 2, 193])
387 set([1, 3, 129, 9, 43])
388 set([1, 2, 97, 194, 4])
389 set([1])
390 set([1, 2, 3, 5, 65, 10, 39, 130, 78, 13, 195, 6, 15, 26, 30])
391 set([1, 23, 17])
392 set([1, 2, 196, 49, 7, 98, 14, 8, 56, 4, 28])
393 set([1, 3, 131])
394 set([1, 2, 197])
395 set([1, 5, 79])
396 set([1, 2, 3, 132, 6, 198, 33, 9, 11, 66, 12, 44, 18, 99, 22, 4, 36])
397 set([1])
398 set([1, 2, 199])
399 set([1, 3, 133, 7, 19, 21, 57])
400 set([1, 2, 4, 5, 16, 200, 80, 10, 8, 50, 25, 40, 100, 20])
401 set([1])
402 set([1, 2, 3, 6, 134, 201, 67])
403 set([1, 13, 31])
404 set([1, 2, 4, 101, 202])
405 set([1, 3, 5, 135, 9, 45, 15, 81, 27])
406 set([1, 2, 7, 203, 14, 58, 29])
407 set([1, 11, 37])
408 set([1, 2, 3, 4, 6, 102, 17, 136, 12, 204, 34, 8, 51, 24, 68])
409 set([1])
410 set([1, 2, 5, 41, 10, 205, 82])
411 set([3, 1, 137])
412 set([1, 2, 4, 103, 206])
413 set([1, 59, 7])
414 set([1, 2, 3, 69, 6, 9, 138, 46, 207, 18, 23])
415 set([1, 83, 5])
416 set([1, 2, 4, 16, 32, 104, 13, 208, 8, 52, 26])
417 set([1, 3, 139])
418 set([1, 38, 11, 2, 209, 19, 22])
419 set([1])
420 set([1, 2, 3, 4, 5, 6, 7, 10, 140, 14, 15, 20, 21, 28, 30, 35, 42, 60, 70, 12, 210, 84, 105])
421 set([1])
422 set([1, 2, 211])
423 set([1, 3, 9, 141, 47])
424 set([1, 2, 4, 106, 8, 212, 53])
425 set([1, 5, 17, 85, 25])
426 set([1, 2, 3, 6, 71, 142, 213])
427 set([1, 61, 7])
428 set([1, 2, 4, 107, 214])
429 set([1, 3, 33, 39, 11, 13, 143])
430 set([1, 2, 5, 10, 43, 86, 215])
431 set([1])
432 set([1, 2, 3, 4, 6, 48, 72, 9, 144, 108, 12, 24, 8, 18, 54, 216, 36, 27, 16])
433 set([1])
434 set([1, 2, 7, 14, 217, 62, 31])
435 set([1, 3, 5, 15, 145, 87, 29])
436 set([1, 2, 4, 109, 218])
437 set([1, 19, 23])
438 set([1, 2, 3, 6, 73, 146, 219])
439 set([1])
440 set([1, 2, 4, 5, 8, 10, 11, 44, 110, 88, 40, 22, 55, 20, 220])
441 set([1, 3, 7, 9, 49, 147, 21, 63])
442 set([1, 34, 2, 13, 17, 26, 221])
443 set([1])
444 set([1, 2, 3, 4, 37, 6, 74, 12, 111, 148, 222])
445 set([1, 89, 5])
446 set([1, 2, 223])
447 set([1, 3, 149])
448 set([1, 2, 4, 16, 7, 64, 224, 14, 112, 8, 32, 56, 28])
449 set([1])
450 set([1, 3, 5, 6, 225, 9, 10, 75, 2, 45, 50, 150, 18, 25, 90, 15, 30])
451 set([11, 1, 41])
452 set([1, 2, 226, 113, 4])
453 set([1, 3, 151])
454 set([1, 2, 227])
455 set([1, 35, 5, 65, 7, 13, 91])
456 set([1, 2, 3, 228, 38, 6, 12, 76, 8, 114, 19, 24, 57, 152, 4])
457 set([1])
458 set([1, 2, 229])
459 set([1, 3, 9, 17, 51, 153, 27])
460 set([1, 2, 4, 5, 230, 10, 46, 115, 20, 23, 92])
461 set([1])
462 set([1, 2, 3, 66, 33, 6, 231, 42, 7, 77, 11, 14, 22, 154, 21])
463 set([1])
464 set([1, 2, 4, 16, 232, 8, 116, 58, 29])
465 set([1, 3, 5, 15, 155, 93, 31])
466 set([1, 2, 233])
467 set([1])
468 set([1, 2, 3, 4, 6, 39, 9, 234, 12, 13, 78, 18, 117, 52, 26, 156, 36])
469 set([1, 67, 7])
470 set([1, 2, 5, 10, 235, 47, 94])
471 set([1, 3, 157])
472 set([1, 2, 4, 8, 236, 118, 59])
473 set([1, 11, 43])
474 set([1, 2, 3, 6, 237, 79, 158])
475 set([1, 5, 19, 25, 95])
476 set([1, 2, 4, 7, 28, 34, 238, 17, 14, 119, 68])
477 set([1, 3, 9, 53, 159])
478 set([1, 2, 239])
479 set([1])
480 set([1, 2, 3, 4, 5, 6, 8, 10, 12, 15, 16, 20, 24, 30, 160, 40, 48, 60, 96, 32, 80, 240, 120])
481 set([1, 37, 13])
482 set([1, 2, 241])
483 set([1, 3, 69, 7, 161, 21, 23])
484 set([1, 2, 11, 44, 242, 22, 121, 4])
485 set([1, 97, 5])
486 set([1, 2, 3, 6, 9, 162, 81, 18, 243, 54, 27])
487 set([1])
488 set([1, 2, 4, 8, 244, 122, 61])
489 set([1, 3, 163])
490 set([1, 98, 35, 5, 70, 7, 2, 14, 49, 245, 10])
491 set([1])
492 set([1, 2, 3, 164, 6, 12, 82, 246, 41, 4, 123])
493 set([1, 29, 17])
494 set([1, 2, 38, 13, 19, 247, 26])
495 set([1, 99, 5, 33, 9, 11, 45, 3, 55, 15, 165])
496 set([1, 2, 4, 16, 8, 248, 124, 62, 31])
497 set([1, 71, 7])
498 set([1, 2, 3, 6, 166, 83, 249])
499 set([1])
500 set([1, 2, 4, 5, 10, 50, 25, 100, 250, 125, 20])
501 set([1, 3, 167])
502 set([1, 2, 251])
503 set([1])
504 set([1, 2, 3, 4, 6, 7, 8, 9, 12, 14, 18, 21, 24, 28, 36, 168, 42, 56, 63, 72, 84, 252, 126])
505 set([1, 101, 5])
506 set([1, 2, 11, 46, 22, 23, 253])
507 set([1, 3, 39, 169, 13])
508 set([1, 2, 4, 254, 127])
509 set([1])
510 set([30, 1, 2, 3, 5, 102, 170, 34, 15, 17, 51, 85, 6, 10, 255])
511 set([1, 7, 73])
512 set([1, 2, 4, 32, 8, 64, 128, 256, 16])
513 set([1, 3, 9, 171, 19, 57, 27])
514 set([1, 2, 257])
515 set([1, 5, 103])
516 set([1, 2, 3, 6, 129, 12, 43, 172, 258, 86, 4])
517 set([1, 11, 47])
518 set([1, 2, 259, 37, 7, 74, 14])
519 set([1, 3, 173])
520 set([1, 2, 260, 5, 65, 10, 130, 13, 104, 52, 8, 40, 4, 26, 20])
521 set([1])
522 set([1, 2, 3, 261, 6, 9, 174, 18, 87, 58, 29])
523 set([1])
524 set([1, 2, 131, 4, 262])
525 set([1, 3, 5, 7, 105, 75, 175, 35, 21, 25, 15])
526 set([1, 2, 263])
527 set([1, 31, 17])
528 set([1, 2, 3, 4, 33, 6, 48, 264, 44, 176, 12, 66, 24, 8, 11, 88, 132, 22, 16])
529 set([1, 23])
530 set([1, 2, 5, 265, 106, 53, 10])
531 set([1, 3, 9, 177, 59])
532 set([1, 2, 4, 133, 38, 7, 266, 76, 14, 19, 28])
533 set([1, 41, 13])
534 set([1, 2, 3, 6, 267, 178, 89])
535 set([1, 107, 5])
536 set([1, 2, 67, 4, 134, 8, 268])
537 set([1, 3, 179])
538 set([1, 2, 269])
539 set([1, 7, 11, 77, 49])
540 set([1, 2, 3, 4, 5, 6, 135, 9, 10, 12, 270, 15, 18, 20, 27, 30, 36, 45, 180, 54, 60, 90, 108])
541 set([1])
542 set([1, 2, 271])
543 set([1, 3, 181])
544 set([1, 2, 4, 16, 17, 136, 34, 272, 8, 32, 68])
545 set([1, 109, 5])
546 set([1, 3, 6, 7, 42, 39, 2, 78, 13, 273, 14, 182, 26, 91, 21])
547 set([1])
548 set([1, 2, 137, 274, 4])
549 set([1, 3, 9, 183, 61])
550 set([1, 2, 5, 10, 11, 110, 50, 275, 22, 55, 25])
551 set([1, 19, 29])
552 set([1, 2, 3, 4, 69, 6, 138, 12, 46, 8, 276, 24, 23, 184, 92])
553 set([1, 79, 7])
554 set([1, 2, 277])
555 set([1, 3, 5, 111, 185, 15, 37])
556 set([1, 2, 4, 139, 278])
557 set([1])
558 set([1, 2, 3, 6, 9, 18, 279, 186, 93, 62, 31])
559 set([1, 43, 13])
560 set([1, 2, 35, 4, 5, 70, 7, 80, 112, 10, 140, 14, 8, 40, 56, 280, 20, 28, 16])
561 set([1, 3, 33, 17, 11, 51, 187])
562 set([1, 2, 281])
563 set([1])
564 set([1, 2, 3, 4, 6, 12, 141, 47, 282, 188, 94])
565 set([1, 113, 5])
566 set([1, 2, 283])
567 set([1, 3, 7, 9, 81, 21, 27, 189, 63])
568 set([1, 2, 4, 71, 8, 142, 284])
569 set([1])
570 set([1, 2, 3, 5, 6, 10, 15, 114, 19, 30, 57, 38, 285, 190, 95])
571 set([1])
572 set([1, 2, 4, 11, 44, 13, 143, 52, 22, 26, 286])
573 set([1, 3, 191])
574 set([1, 2, 7, 41, 14, 82, 287])
575 set([1, 5, 115, 23, 25])
576 set([1, 2, 3, 4, 6, 12, 8, 96, 32, 192, 64, 288, 144, 72, 18, 48, 9, 24, 36, 16])
577 set([1])
578 set([1, 289, 2, 34, 17])
579 set([3, 1, 193])
580 set([1, 2, 5, 10, 290, 145, 116, 4, 58, 29, 20])
581 set([1, 83, 7])
582 set([1, 2, 3, 6, 97, 194, 291])
583 set([1, 11, 53])
584 set([1, 2, 292, 73, 8, 146, 4])
585 set([1, 3, 5, 65, 39, 13, 45, 195, 117, 9, 15])
586 set([1, 2, 293])
587 set([1])
588 set([1, 2, 3, 196, 6, 294, 7, 12, 42, 98, 14, 49, 147, 84, 21, 4, 28])
589 set([1, 19, 31])
590 set([1, 2, 5, 295, 10, 118, 59])
591 set([1, 3, 197])
592 set([1, 2, 4, 37, 16, 296, 74, 8, 148])
593 set([1])
594 set([1, 2, 3, 6, 198, 33, 297, 11, 66, 99, 54, 9, 18, 22, 27])
595 set([1, 35, 5, 7, 17, 85, 119])
596 set([1, 2, 4, 298, 149])
597 set([1, 3, 199])
598 set([1, 2, 299, 13, 46, 23, 26])
599 set([1])
600 set([1, 2, 3, 4, 5, 6, 8, 10, 12, 15, 20, 150, 24, 25, 30, 40, 300, 50, 60, 200, 75, 100, 120])
601 set([1])
602 set([1, 2, 7, 43, 301, 14, 86])
603 set([1, 3, 9, 67, 201])
604 set([1, 2, 4, 302, 151])
605 set([1, 5, 11, 55, 121])
606 set([1, 2, 3, 101, 6, 202, 303])
607 set([1])
608 set([1, 2, 4, 38, 16, 32, 8, 76, 304, 19, 152])
609 set([1, 3, 7, 203, 21, 87, 29])
610 set([1, 5, 10, 2, 305, 122, 61])
611 set([1, 13, 47])
612 set([68, 1, 2, 3, 102, 6, 9, 204, 18, 12, 34, 17, 306, 51, 153, 4, 36])
613 set([1])
614 set([1, 2, 307])
615 set([1, 3, 5, 41, 205, 15, 123])
616 set([1, 2, 4, 7, 11, 44, 77, 14, 8, 308, 22, 56, 88, 154, 28])
617 set([1])
618 set([1, 2, 3, 6, 103, 206, 309])
619 set([1])
620 set([1, 2, 4, 5, 10, 20, 310, 155, 124, 62, 31])
621 set([1, 3, 69, 9, 207, 23, 27])
622 set([1, 2, 311])
623 set([1, 7, 89])
624 set([1, 2, 3, 4, 6, 48, 104, 12, 39, 208, 13, 78, 8, 52, 24, 312, 26, 156, 16])
625 set([1, 25, 125, 5])
626 set([1, 2, 313])
627 set([19, 1, 3, 33, 11, 209, 57])
628 set([1, 2, 4, 314, 157])
629 set([1, 37, 17])
630 set([1, 2, 3, 5, 6, 7, 9, 10, 14, 15, 18, 21, 30, 35, 42, 45, 315, 63, 70, 210, 90, 105, 126])
631 set([1])
632 set([1, 2, 4, 8, 79, 316, 158])
633 set([1, 3, 211])
634 set([1, 2, 317])
635 set([1, 5, 127])
636 set([1, 2, 3, 4, 6, 106, 12, 212, 53, 318, 159])
637 set([1, 7, 13, 49, 91])
638 set([1, 2, 11, 22, 58, 29, 319])
639 set([1, 3, 71, 9, 213])
640 set([1, 2, 4, 5, 16, 32, 8, 80, 128, 160, 64, 320, 40, 20, 10])
641 set([1])
642 set([1, 3, 6, 321, 107, 2, 214])
643 set([1])
644 set([1, 2, 161, 28, 7, 322, 14, 46, 23, 4, 92])
645 set([129, 3, 5, 1, 43, 15, 215])
646 set([1, 2, 323, 38, 34, 17, 19])
647 set([1])
648 set([1, 2, 3, 324, 6, 81, 9, 108, 162, 12, 24, 8, 18, 54, 216, 4, 27, 72, 36])
649 set([1, 11, 59])
650 set([1, 2, 5, 65, 130, 13, 50, 25, 26, 10, 325])
651 set([1, 3, 7, 21, 217, 93, 31])
652 set([1, 2, 163, 4, 326])
653 set([1])
654 set([1, 2, 3, 6, 327, 109, 218])
655 set([1, 131, 5])
656 set([1, 2, 164, 16, 328, 41, 8, 82, 4])
657 set([1, 3, 9, 73, 219])
658 set([1, 2, 7, 329, 14, 47, 94])
659 set([1])
660 set([1, 2, 3, 4, 5, 6, 10, 11, 12, 15, 22, 132, 30, 33, 165, 44, 55, 60, 66, 330, 220, 110, 20])
661 set([1])
662 set([1, 2, 331])
663 set([1, 3, 39, 13, 17, 51, 221])
664 set([1, 2, 4, 166, 8, 332, 83])
665 set([1, 35, 133, 7, 19, 5, 95])
666 set([1, 2, 3, 37, 6, 9, 74, 333, 111, 18, 222])
667 set([1, 29, 23])
668 set([1, 2, 4, 167, 334])
669 set([1, 3, 223])
670 set([1, 2, 67, 5, 134, 10, 335])
671 set([1, 11, 61])
672 set([1, 2, 3, 4, 6, 7, 8, 12, 14, 16, 21, 24, 28, 168, 42, 48, 56, 96, 32, 336, 84, 224, 112])
673 set([1])
674 set([1, 2, 337])
675 set([1, 3, 5, 135, 9, 225, 45, 15, 75, 25, 27])
676 set([1, 2, 169, 13, 338, 52, 4, 26])
677 set([1])
678 set([1, 2, 3, 6, 226, 113, 339])
679 set([1, 7, 97])
680 set([1, 2, 4, 5, 17, 170, 34, 136, 340, 85, 8, 40, 68, 10, 20])
681 set([1, 3, 227])
682 set([1, 2, 11, 341, 22, 62, 31])
683 set([1])
684 set([1, 2, 3, 228, 38, 6, 9, 171, 18, 12, 76, 114, 19, 342, 57, 4, 36])
685 set([137, 1, 5])
686 set([1, 2, 7, 98, 49, 14, 343])
687 set([1, 3, 229])
688 set([1, 2, 4, 16, 8, 43, 172, 86, 344])
689 set([1, 53, 13])
690 set([1, 2, 3, 5, 230, 138, 46, 15, 115, 23, 345, 6, 10, 30, 69])
691 set([1])
692 set([1, 2, 4, 173, 346])
693 set([1, 3, 33, 7, 9, 231, 77, 11, 99, 21, 63])
694 set([1, 2, 347])
695 set([1, 139, 5])
696 set([1, 2, 3, 4, 6, 232, 12, 174, 8, 116, 24, 87, 58, 348, 29])
697 set([1, 17, 41])
698 set([1, 2, 349])
699 set([3, 1, 233])
700 set([1, 2, 35, 4, 5, 70, 7, 28, 10, 140, 14, 175, 50, 20, 25, 100, 350])
701 set([1])
702 set([1, 2, 3, 6, 39, 9, 234, 13, 78, 18, 117, 54, 26, 27, 351])
703 set([1, 19, 37])
704 set([1, 2, 4, 16, 32, 8, 64, 11, 44, 176, 352, 22, 88])
705 set([1, 3, 5, 235, 141, 15, 47])
706 set([1, 2, 353])
707 set([1, 101, 7])
708 set([1, 2, 3, 6, 12, 236, 354, 177, 118, 4, 59])
709 set([1])
710 set([1, 2, 355, 5, 71, 10, 142])
711 set([1, 3, 9, 237, 79])
712 set([1, 2, 356, 8, 178, 89, 4])
713 set([31, 1, 23])
714 set([42, 1, 2, 3, 357, 6, 7, 34, 238, 17, 51, 14, 119, 102, 21])
715 set([1, 5, 65, 11, 13, 143, 55])
716 set([1, 2, 4, 358, 179])
717 set([1, 3, 239])
718 set([1, 2, 359])
719 set([1])
720 set([1, 2, 3, 4, 5, 6, 8, 9, 10, 12, 15, 144, 18, 20, 24, 30, 36, 40, 45, 48, 180, 60, 72, 80, 90, 16, 360, 240, 120])
721 set([103, 1, 7])
722 set([1, 2, 38, 361, 19])
723 set([3, 1, 241])
724 set([1, 2, 4, 362, 181])
725 set([1, 5, 145, 25, 29])
726 set([1, 2, 3, 22, 6, 33, 363, 66, 11, 242, 121])
727 set([1])
728 set([1, 2, 4, 7, 104, 364, 13, 14, 8, 52, 182, 56, 26, 91, 28])
729 set([1, 3, 9, 81, 243, 27])
730 set([1, 2, 5, 73, 10, 365, 146])
731 set([1, 43, 17])
732 set([1, 2, 3, 4, 6, 12, 366, 244, 183, 122, 61])
733 set([1])
734 set([1, 2, 367])
735 set([1, 3, 5, 35, 7, 105, 15, 49, 147, 245, 21])
736 set([1, 2, 4, 16, 32, 8, 46, 368, 23, 184, 92])
737 set([1, 67, 11])
738 set([1, 3, 6, 9, 18, 2, 369, 82, 246, 41, 123])
739 set([1])
740 set([1, 2, 5, 10, 370, 148, 185, 4, 74, 20, 37])
741 set([1, 3, 39, 13, 19, 247, 57])
742 set([1, 2, 7, 106, 14, 371, 53])
743 set([1])
744 set([1, 2, 3, 4, 6, 12, 8, 372, 24, 248, 186, 124, 93, 62, 31])
745 set([149, 1, 5])
746 set([1, 2, 373])
747 set([1, 3, 9, 83, 249])
748 set([1, 2, 4, 22, 44, 11, 34, 17, 374, 68, 187])
749 set([1, 107, 7])
750 set([1, 2, 3, 5, 6, 10, 75, 15, 50, 150, 375, 25, 250, 125, 30])
751 set([1])
752 set([1, 2, 4, 16, 8, 47, 376, 188, 94])
753 set([1, 3, 251])
754 set([1, 2, 13, 29, 377, 58, 26])
755 set([1, 5, 151])
756 set([1, 2, 3, 4, 6, 7, 9, 12, 14, 18, 21, 27, 28, 36, 42, 54, 189, 63, 84, 108, 378, 252, 126])
757 set([1])
758 set([1, 2, 379])
759 set([1, 3, 69, 33, 11, 23, 253])
760 set([1, 2, 4, 5, 38, 8, 10, 76, 152, 19, 20, 40, 380, 190, 95])
761 set([1])
762 set([1, 2, 3, 6, 381, 254, 127])
763 set([1, 109, 7])
764 set([1, 2, 4, 382, 191])
765 set([1, 3, 5, 9, 45, 15, 17, 51, 85, 153, 255])
766 set([1, 2, 383])
767 set([1, 59, 13])
768 set([1, 2, 3, 4, 6, 12, 8, 96, 128, 192, 256, 16, 384, 48, 64, 24, 32])
769 set([1])
770 set([1, 11, 5, 70, 385, 10, 7, 2, 110, 77, 35, 14, 22, 55, 154])
771 set([3, 1, 257])
772 set([1, 2, 193, 386, 4])
773 set([1])
774 set([1, 2, 3, 6, 129, 9, 43, 258, 18, 387, 86])
775 set([1, 5, 25, 155, 31])
776 set([1, 2, 388, 97, 194, 8, 4])
777 set([1, 259, 37, 7, 111, 3, 21])
778 set([1, 2, 389])
779 set([19, 1, 41])
780 set([1, 2, 3, 260, 5, 390, 10, 12, 130, 15, 20, 4, 26, 156, 30, 6, 39, 52, 60, 65, 195, 78, 13])
781 set([1, 11, 71])
782 set([1, 2, 391, 34, 46, 17, 23])
783 set([1, 3, 261, 9, 87, 27, 29])
784 set([1, 2, 4, 49, 16, 7, 392, 112, 98, 14, 8, 56, 196, 28])
785 set([157, 1, 5])
786 set([1, 2, 3, 6, 262, 393, 131])
787 set([1])
788 set([1, 2, 4, 197, 394])
789 set([1, 3, 263])
790 set([1, 2, 5, 10, 395, 79, 158])
791 set([1, 7, 113])
792 set([1, 2, 3, 4, 6, 264, 9, 11, 396, 24, 18, 22, 132, 33, 36, 44, 8, 66, 198, 72, 12, 88, 99])
793 set([1, 61, 13])
794 set([1, 2, 397])
795 set([1, 3, 5, 265, 15, 53, 159])
796 set([1, 2, 4, 199, 398])
797 set([1])
798 set([1, 2, 3, 133, 6, 7, 266, 14, 399, 114, 19, 21, 57, 38, 42])
799 set([1, 47, 17])
800 set([1, 2, 4, 5, 16, 32, 200, 80, 10, 160, 400, 8, 50, 20, 40, 100, 25])
801 set([1, 3, 9, 267, 89])
802 set([1, 2, 401])
803 set([11, 1, 73])
804 set([1, 2, 3, 134, 6, 201, 268, 12, 402, 67, 4])
805 set([1, 35, 7, 161, 115, 23, 5])
806 set([1, 2, 13, 403, 26, 62, 31])
807 set([1, 3, 269])
808 set([1, 2, 4, 101, 202, 8, 404])
809 set([1])
810 set([1, 2, 3, 5, 6, 135, 9, 45, 162, 270, 15, 81, 18, 405, 54, 90, 27, 10, 30])
811 set([1])
812 set([1, 2, 4, 7, 203, 14, 116, 406, 58, 28, 29])
813 set([1, 3, 271])
814 set([1, 2, 37, 74, 11, 22, 407])
815 set([1, 163, 5])
816 set([1, 2, 3, 4, 102, 6, 17, 136, 12, 204, 34, 272, 8, 51, 48, 24, 408, 68, 16])
817 set([1, 19, 43])
818 set([1, 2, 409])
819 set([1, 3, 7, 9, 39, 13, 273, 117, 91, 21, 63])
820 set([1, 2, 4, 5, 41, 10, 205, 82, 164, 410, 20])
821 set([1])
822 set([1, 2, 3, 6, 137, 274, 411])
823 set([1])
824 set([1, 2, 4, 103, 8, 206, 412])
825 set([1, 3, 5, 33, 11, 15, 75, 275, 25, 55, 165])
826 set([1, 2, 7, 14, 118, 59, 413])
827 set([1])
828 set([1, 2, 3, 4, 69, 6, 9, 138, 12, 46, 207, 92, 18, 276, 23, 36, 414])
829 set([1])
830 set([1, 2, 5, 166, 10, 83, 415])
831 set([1, 3, 277])
832 set([1, 2, 4, 16, 32, 8, 64, 13, 208, 104, 416, 52, 26])
833 set([1, 49, 7, 17, 119])
834 set([1, 3, 6, 417, 139, 2, 278])
835 set([1, 5, 167])
836 set([1, 2, 38, 44, 11, 76, 418, 209, 19, 22, 4])
837 set([1, 3, 9, 279, 27, 93, 31])
838 set([1, 2, 419])
839 set([1])
840 set([1, 2, 3, 4, 5, 6, 7, 8, 10, 140, 14, 15, 24, 20, 21, 280, 28, 30, 35, 420, 168, 42, 56, 60, 70, 12, 210, 84, 105, 40, 120])
841 set([1, 29])
842 set([1, 2, 421])
843 set([3, 1, 281])
844 set([1, 2, 4, 422, 211])
845 set([1, 5, 65, 169, 13])
846 set([1, 2, 3, 6, 423, 9, 141, 47, 18, 282, 94])
847 set([1, 7, 11, 77, 121])
848 set([1, 2, 4, 16, 424, 106, 8, 212, 53])
849 set([283, 1, 3])
850 set([1, 2, 34, 5, 425, 170, 50, 17, 85, 25, 10])
851 set([1, 37, 23])
852 set([1, 2, 3, 4, 6, 71, 426, 12, 142, 213, 284])
853 set([1])
854 set([1, 2, 7, 427, 14, 122, 61])
855 set([1, 3, 5, 9, 171, 45, 15, 19, 57, 285, 95])
856 set([1, 2, 4, 8, 107, 428, 214])
857 set([1])
858 set([1, 2, 3, 66, 33, 6, 39, 11, 13, 429, 78, 143, 22, 26, 286])
859 set([1])
860 set([1, 2, 4, 5, 10, 43, 172, 430, 20, 86, 215])
861 set([1, 3, 7, 41, 21, 123, 287])
862 set([1, 2, 431])
863 set([1])
864 set([1, 2, 3, 4, 6, 8, 9, 12, 144, 18, 24, 27, 288, 48, 36, 432, 54, 96, 32, 72, 216, 16, 108])
865 set([1, 5, 173])
866 set([1, 2, 433])
867 set([1, 3, 51, 289, 17])
868 set([1, 2, 7, 28, 14, 434, 217, 4, 124, 62, 31])
869 set([1, 11, 79])
870 set([1, 2, 3, 5, 10, 29, 290, 174, 15, 145, 435, 87, 6, 58, 30])
871 set([1, 67, 13])
872 set([1, 2, 4, 109, 8, 436, 218])
873 set([1, 3, 97, 9, 291])
874 set([1, 2, 38, 46, 19, 437, 23])
875 set([1, 35, 5, 7, 175, 25, 125])
876 set([1, 2, 3, 292, 6, 12, 146, 438, 73, 4, 219])
877 set([1])
878 set([1, 2, 439])
879 set([1, 3, 293])
880 set([1, 2, 11, 4, 5, 16, 8, 80, 10, 176, 44, 110, 88, 20, 22, 55, 440, 40, 220])
881 set([1])
882 set([1, 2, 3, 6, 294, 7, 9, 42, 18, 98, 14, 49, 147, 21, 441, 126, 63])
883 set([1])
884 set([1, 2, 34, 4, 13, 17, 26, 68, 442, 221, 52])
885 set([1, 3, 5, 295, 15, 177, 59])
886 set([1, 2, 443])
887 set([1])
888 set([1, 2, 3, 4, 37, 6, 296, 74, 12, 111, 8, 148, 24, 444, 222])
889 set([127, 1, 7])
890 set([1, 2, 5, 10, 178, 89, 445])
891 set([1, 3, 33, 9, 11, 27, 81, 99, 297])
892 set([1, 2, 4, 446, 223])
893 set([1, 19, 47])
894 set([1, 2, 3, 6, 298, 149, 447])
895 set([1, 179, 5])
896 set([1, 2, 4, 16, 7, 8, 64, 128, 224, 14, 112, 448, 32, 56, 28])
897 set([1, 3, 69, 299, 13, 23, 39])
898 set([1, 2, 449])
899 set([1, 29, 31])
900 set([1, 2, 3, 5, 6, 9, 10, 12, 15, 18, 20, 150, 25, 4, 30, 36, 300, 45, 50, 180, 60, 450, 75, 90, 225, 100])
901 set([1, 53, 17])
902 set([1, 2, 451, 41, 11, 82, 22])
903 set([1, 3, 7, 129, 301, 43, 21])
904 set([1, 2, 452, 113, 226, 8, 4])
905 set([1, 5, 181])
906 set([1, 2, 3, 453, 6, 302, 151])
907 set([1])
908 set([1, 2, 227, 4, 454])
909 set([1, 3, 101, 9, 303])
910 set([1, 2, 35, 5, 70, 455, 10, 7, 130, 13, 14, 182, 26, 91, 65])
911 set([1])
912 set([1, 2, 3, 4, 38, 6, 48, 456, 76, 12, 304, 8, 114, 19, 24, 57, 152, 228, 16])
913 set([1, 83, 11])
914 set([1, 2, 457])
915 set([1, 3, 5, 15, 305, 183, 61])
916 set([1, 2, 4, 229, 458])
917 set([1, 131, 7])
918 set([1, 2, 3, 102, 6, 9, 459, 18, 34, 27, 17, 306, 51, 153, 54])
919 set([1])
920 set([1, 2, 4, 5, 230, 8, 10, 460, 46, 184, 115, 20, 23, 40, 92])
921 set([1, 3, 307])
922 set([1, 2, 461])
923 set([1, 13, 71])
924 set([1, 2, 3, 4, 6, 7, 11, 12, 14, 21, 22, 132, 154, 33, 28, 42, 44, 308, 66, 77, 462, 84, 231])
925 set([1, 37, 185, 25, 5])
926 set([1, 2, 463])
927 set([1, 3, 103, 9, 309])
928 set([1, 2, 4, 16, 32, 232, 464, 8, 116, 58, 29])
929 set([1])
930 set([1, 3, 5, 6, 10, 2, 15, 465, 30, 310, 186, 155, 93, 62, 31])
931 set([1, 133, 7, 49, 19])
932 set([1, 2, 233, 466, 4])
933 set([1, 3, 311])
934 set([1, 2, 467])
935 set([1, 5, 11, 17, 85, 55, 187])
936 set([1, 2, 3, 4, 6, 8, 9, 12, 13, 18, 24, 26, 156, 36, 39, 52, 312, 72, 78, 468, 104, 234, 117])
937 set([1])
938 set([1, 2, 67, 134, 7, 14, 469])
939 set([3, 1, 313])
940 set([1, 2, 4, 5, 10, 235, 47, 20, 470, 188, 94])
941 set([1])
942 set([1, 2, 3, 6, 471, 314, 157])
943 set([1, 23, 41])
944 set([1, 2, 4, 16, 8, 236, 118, 472, 59])
945 set([1, 3, 5, 7, 9, 135, 45, 15, 27, 35, 21, 105, 315, 189, 63])
946 set([1, 2, 43, 22, 11, 86, 473])
947 set([1])
948 set([1, 2, 3, 4, 6, 12, 237, 79, 474, 316, 158])
949 set([1, 73, 13])
950 set([1, 2, 5, 38, 10, 50, 19, 25, 475, 190, 95])
951 set([1, 3, 317])
952 set([1, 2, 4, 7, 136, 28, 17, 34, 238, 8, 56, 14, 119, 68, 476])
953 set([1])
954 set([1, 2, 3, 6, 9, 106, 18, 53, 477, 318, 159])
955 set([1, 5, 191])
956 set([1, 2, 4, 239, 478])
957 set([1, 3, 33, 11, 29, 87, 319])
958 set([1, 2, 479])
959 set([137, 1, 7])
960 set([1, 2, 3, 4, 5, 6, 8, 10, 192, 15, 320, 20, 24, 30, 160, 40, 64, 48, 60, 480, 32, 12, 80, 96, 16, 240, 120])
961 set([1, 31])
962 set([1, 37, 481, 74, 2, 13, 26])
963 set([1, 3, 321, 9, 107])
964 set([1, 2, 482, 241, 4])
965 set([1, 193, 5])
966 set([1, 2, 3, 6, 161, 138, 7, 322, 14, 483, 21, 23, 46, 42, 69])
967 set([1])
968 set([1, 2, 484, 11, 44, 8, 242, 22, 121, 88, 4])
969 set([19, 1, 323, 51, 17, 3, 57])
970 set([1, 194, 5, 97, 2, 10, 485])
971 set([1])
972 set([1, 2, 3, 324, 6, 486, 81, 9, 162, 12, 108, 18, 243, 54, 4, 27, 36])
973 set([1, 139, 7])
974 set([1, 2, 487])
975 set([1, 3, 5, 65, 75, 13, 195, 25, 15, 39, 325])
976 set([1, 2, 4, 16, 488, 8, 244, 122, 61])
977 set([1])
978 set([1, 2, 3, 6, 326, 489, 163])
979 set([11, 1, 89])
980 set([1, 2, 35, 4, 5, 70, 7, 490, 140, 98, 14, 49, 245, 196, 28, 10, 20])
981 set([1, 3, 327, 9, 109])
982 set([1, 2, 491])
983 set([1])
984 set([1, 2, 3, 4, 6, 328, 12, 492, 24, 8, 82, 246, 41, 164, 123])
985 set([1, 197, 5])
986 set([1, 2, 34, 493, 29, 17, 58])
987 set([1, 3, 7, 329, 141, 47, 21])
988 set([1, 2, 4, 38, 76, 13, 494, 19, 52, 247, 26])
989 set([1, 43, 23])
990 set([1, 2, 3, 5, 6, 9, 10, 11, 15, 18, 22, 30, 33, 165, 45, 55, 66, 198, 330, 90, 99, 110, 495])
991 set([1])
992 set([1, 2, 4, 16, 32, 8, 496, 248, 124, 62, 31])
993 set([1, 331, 3])
994 set([1, 7, 71, 2, 142, 497, 14])
995 set([1, 5, 199])
996 set([1, 2, 3, 166, 6, 12, 332, 498, 83, 249, 4])
997 set([1])
998 set([1, 2, 499])
999 set([1, 3, 37, 9, 333, 111, 27])
1000 set([1, 2, 40, 4, 5, 10, 200, 50, 500, 8, 25, 100, 250, 125, 20])
